111 111
255 231 247 244 253 261 242 254 256 254 244 240 241 247 237 253 235 251 255 245 258 236 247 244 253 255 264 255 244 254 250 250 251 235 261 239 233 238 245 259 254 250 255 266 262 243 245 255 261 242 249 238 255 256 252 241 248 251 251 248 237 234 248 242 250 250 265 253 229 242 247 232 238 232 250 256 249 243 240 255 241 244 242 251 236 254 246 253 229 249 249 266 249 271 248 233 247 239 238 238 244 243 255 243 250 245 252 244 267 239 230 
243 224 249 240 244 252 232 250 245 243 237 234 232 242 234 248 231 243 242 236 253 225 235 237 246 253 256 246 238 246 241 244 245 230 254 233 225 231 236 247 246 241 239 254 263 236 239 248 252 240 238 237 241 246 242 235 247 246 240 242 234 230 245 233 238 245 254 255 223 233 243 227 232 230 243 252 248 239 235 242 239 236 241 248 232 249 241 240 232 242 239 254 247 262 245 233 240 234 236 231 236 246 245 238 238 246 238 236 263 232 229 
258 228 254 243 251 254 238 255 258 255 240 241 246 250 241 249 236 247 262 246 257 237 242 239 253 256 267 256 248 251 251 252 251 238 260 240 234 237 242 247 246 246 251 260 265 249 246 263 259 240 244 235 254 251 254 234 253 248 249 242 239 235 249 236 249 248 257 258 230 241 247 234 238 229 245 256 250 247 241 247 243 242 241 253 240 257 248 246 232 247 251 265 254 269 248 238 248 235 241 240 237 241 257 243 245 251 249 234 264 244 236 
257 232 252 245 250 258 247 253 256 257 243 238 242 249 240 251 244 249 258 245 261 234 248 247 248 256 269 253 244 257 248 254 255 237 266 239 234 237 242 255 251 253 254 267 268 239 252 263 261 243 249 242 250 250 250 240 257 254 247 245 241 239 255 240 249 259 260 259 231 242 250 232 231 238 250 260 255 251 244 257 242 247 246 248 239 254 247 246 234 250 254 262 255 273 251 239 250 238 245 241 243 245 258 243 250 251 249 239 268 243 237 
251 226 258 246 245 256 245 264 255 257 239 241 244 244 244 251 242 258 260 248 255 235 249 242 256 256 263 259 249 257 253 250 253 242 264 244 239 241 247 254 248 248 256 266 265 248 253 266 255 238 249 243 252 248 253 237 257 254 251 248 243 235 249 239 252 252 264 260 232 242 246 233 237 239 247 254 250 245 244 257 238 245 246 253 243 248 248 250 229 251 249 265 249 270 253 235 250 243 248 239 242 248 256 246 247 253 248 241 269 248 232 
255 224 249 240 249 252 246 259 253 249 242 234 244 251 239 252 235 249 258 246 254 238 247 242 253 254 262 255 240 256 249 253 248 237 263 242 236 236 242 252 248 246 252 262 267 247 247 255 258 242 246 239 251 250 254 243 256 251 250 246 247 235 252 241 244 251 253 253 230 238 248 231 231 235 247 254 248 246 239 251 236 245 243 245 241 252 247 246 231 246 247 265 250 266 248 236 250 237 246 239 243 244 255 249 246 252 245 237 268 244 235 
259 237 256 251 254 261 251 261 264 260 245 245 247 250 251 257 238 263 263 253 267 242 251 252 262 263 273 262 250 260 259 261 260 248 270 246 240 245 249 263 256 256 258 276 272 254 256 270 270 248 253 249 256 260 261 246 262 264 258 255 246 241 262 246 255 261 265 268 230 248 261 237 241 242 256 259 258 253 247 261 247 247 255 258 249 261 247 254 240 254 257 273 256 279 256 241 255 252 256 242 249 253 266 248 256 252 253 247 274 253 236 
250 227 252 245 246 253 240 253 258 250 245 235 240 250 240 256 236 252 257 243 257 233 251 239 251 254 262 253 241 255 243 253 252 235 258 238 234 233 240 257 247 249 250 268 267 246 246 262 258 243 245 237 246 246 248 241 260 255 247 243 242 233 249 242 244 252 261 255 229 245 243 230 238 238 245 256 251 246 241 257 237 244 246 254 239 248 251 244 227 249 249 265 250 268 247 235 241 240 245 239 241 244 257 252 244 257 246 239 272 240 226 
251 225 246 245 249 254 242 252 257 250 242 236 242 244 240 248 235 255 252 252 251 234 243 241 251 254 258 254 240 252 245 249 251 237 261 238 235 233 247 256 248 248 252 265 266 249 243 258 260 239 243 234 250 253 250 245 253 247 247 245 241 233 251 239 248 249 253 254 229 239 249 232 234 234 245 253 251 248 239 251 239 238 246 252 240 250 244 242 233 246 249 266 249 272 248 238 244 243 244 234 243 244 255 244 244 244 244 238 266 239 232 
236 216 237 231 232 239 230 247 242 237 228 225 228 238 231 238 228 241 245 231 245 218 228 222 240 236 239 240 233 243 232 240 241 221 246 223 228 223 232 244 238 233 243 251 254 228 235 245 247 225 234 227 238 233 237 225 242 240 234 231 228 219 235 225 236 238 246 240 214 230 227 217 224 223 231 244 236 234 229 239 232 231 227 237 230 237 238 235 214 230 230 252 242 252 233 222 230 227 228 220 229 233 241 234 237 239 236 224 254 223 218 
254 231 258 241 254 263 251 263 258 257 248 242 245 251 247 257 243 259 264 248 259 237 248 247 254 258 263 258 252 255 250 257 255 243 266 246 243 243 254 258 253 253 261 273 271 250 247 264 261 242 252 247 256 255 254 246 257 261 250 254 242 243 256 246 254 259 268 264 230 252 251 236 239 241 246 256 256 247 252 258 250 248 250 254 237 255 251 252 237 249 257 270 259 274 248 240 248 246 245 241 244 252 260 245 254 257 248 249 273 245 232 
251 225 250 242 248 251 235 258 254 251 241 239 236 241 238 249 240 254 257 248 257 232 245 238 256 254 260 254 248 254 247 250 253 239 260 234 237 234 245 258 248 251 253 269 266 244 244 257 261 238 244 236 246 254 248 238 250 252 252 246 238 232 246 243 244 250 262 254 226 241 245 235 234 230 247 255 249 242 236 252 236 239 246 253 241 248 244 245 226 243 247 263 251 268 250 231 245 244 243 234 237 244 255 248 242 248 249 240 268 239 228 
261 234 260 251 256 261 249 267 261 261 249 249 245 255 248 262 247 266 264 252 267 240 253 251 261 260 266 266 254 268 252 257 259 242 267 250 249 241 253 263 255 262 260 275 274 248 253 271 269 246 255 246 259 260 259 244 265 258 259 249 245 239 258 244 259 259 270 264 235 246 251 243 242 241 255 265 256 254 254 261 249 253 255 260 248 257 256 256 237 255 254 272 261 281 258 243 255 247 248 245 246 252 267 256 258 259 256 249 277 245 242 
247 229 255 240 251 254 238 256 258 251 244 240 241 244 242 252 237 250 259 246 257 237 242 238 257 254 260 254 243 252 247 249 251 240 262 239 237 238 244 253 245 254 253 266 264 252 249 258 262 242 246 239 252 249 254 236 255 247 253 249 240 235 250 238 246 248 260 261 233 240 248 234 233 234 248 258 249 247 237 253 241 246 241 251 245 253 250 250 230 245 248 264 256 267 248 239 248 245 247 235 243 247 257 246 248 253 249 240 267 243 231 
262 240 269 255 257 264 254 272 271 262 251 248 252 259 255 264 252 265 271 261 265 244 253 254 266 267 274 262 254 269 262 266 270 250 276 254 245 247 259 267 261 259 265 275 281 258 260 268 273 254 259 247 264 264 263 249 272 264 262 254 256 245 261 249 255 260 269 272 240 248 257 247 253 244 257 269 261 256 253 264 255 257 259 266 258 261 259 258 242 260 259 277 268 280 260 245 262 255 254 248 252 258 259 260 250 264 262 250 282 253 245 
255 233 257 247 254 262 243 264 270 259 250 243 246 254 245 261 243 260 264 248 267 237 250 244 261 256 266 259 254 260 249 262 261 243 267 241 241 243 249 264 256 259 258 274 272 253 256 269 271 248 251 248 256 259 256 243 259 258 255 251 250 240 254 248 254 262 266 262 230 249 251 240 238 246 255 260 258 250 245 261 249 252 250 259 250 255 256 254 234 257 256 271 260 280 254 243 252 246 246 244 251 249 260 249 256 255 248 246 272 250 235 
272 243 272 262 267 276 261 274 276 273 261 257 261 265 261 273 253 269 278 260 277 253 264 264 268 274 289 273 265 274 269 272 270 256 281 261 257 258 259 278 270 270 267 287 285 263 270 280 277 257 267 259 271 267 269 253 278 275 270 265 261 251 265 257 267 268 282 279 246 255 265 254 260 248 270 277 272 265 265 272 262 269 257 268 257 274 264 268 252 264 267 287 274 292 268 252 269 256 268 255 256 266 275 266 265 268 262 255 285 263 250 
247 226 248 243 244 249 240 255 253 242 240 237 236 248 238 247 238 251 255 247 251 233 243 236 250 251 258 249 244 251 244 250 251 235 262 238 234 242 243 254 249 249 252 266 268 245 246 255 257 241 241 241 247 249 250 234 253 254 245 243 242 232 247 236 245 251 253 259 228 239 245 234 233 228 241 257 247 243 239 251 239 250 240 250 238 250 244 245 231 246 250 262 254 266 248 234 251 238 245 234 241 246 254 248 241 248 244 235 262 242 228 
249 217 246 239 244 250 236 252 250 246 237 237 245 247 243 247 234 246 255 241 251 227 239 236 246 248 254 243 246 254 251 249 250 234 253 236 235 228 243 246 249 242 254 265 260 246 245 253 253 231 240 232 247 248 244 235 251 251 246 239 240 232 243 233 244 247 253 251 225 240 244 227 233 227 244 251 246 239 239 248 241 240 242 249 238 245 247 244 226 244 247 258 248 263 247 230 243 233 240 234 238 241 247 241 242 247 238 232 260 233 229 
235 212 240 226 229 237 220 241 236 236 229 223 227 230 225 234 224 237 244 227 237 212 225 223 237 238 246 235 226 237 233 238 235 224 243 219 221 219 225 239 236 236 236 245 249 229 234 242 244 221 225 222 236 233 234 224 237 236 234 228 224 219 233 224 232 229 245 242 216 222 232 218 222 219 233 239 233 231 227 233 224 225 234 235 225 234 233 229 216 232 229 246 233 253 237 223 227 227 228 220 219 233 238 230 228 236 235 220 250 225 216 
236 216 236 230 237 245 230 242 247 247 227 228 232 237 231 245 223 243 246 231 249 227 237 229 245 244 251 245 236 245 238 244 243 224 244 227 225 225 235 241 238 235 240 257 251 239 237 248 252 239 235 233 243 237 238 223 246 244 239 233 234 220 238 231 239 242 248 246 219 231 233 223 227 225 238 249 238 234 228 240 232 232 233 244 233 242 236 237 221 236 241 252 238 254 243 223 236 227 236 230 226 233 244 236 235 240 240 228 254 232 217 
257 228 255 247 248 262 243 257 254 256 247 246 247 253 244 253 241 256 257 242 262 233 242 245 255 253 261 254 246 261 250 256 258 238 266 243 238 237 249 258 255 252 250 271 266 249 248 263 260 245 251 243 255 250 255 241 257 259 254 249 243 239 249 241 252 255 266 261 230 245 251 231 242 234 251 260 255 244 240 254 246 245 248 256 240 255 247 250 235 247 246 264 259 274 246 237 249 244 245 242 242 247 260 249 250 254 255 247 271 243 232 
248 229 251 240 247 251 238 253 254 247 237 238 237 243 237 250 228 246 252 238 255 229 244 239 254 245 258 248 243 246 242 250 242 234 258 235 235 235 241 252 249 244 247 266 265 242 250 254 254 238 244 242 247 250 244 235 254 255 246 239 239 234 246 231 241 252 258 255 219 239 245 231 233 233 247 251 250 244 241 251 234 241 242 250 241 249 246 243 229 244 247 264 253 265 249 235 241 240 239 235 242 239 253 240 243 247 241 238 266 240 224 
251 226 252 244 243 259 235 256 251 252 244 235 244 250 244 249 236 254 251 246 250 231 248 236 247 250 259 249 250 251 249 249 253 239 257 237 232 236 246 254 247 248 253 261 264 245 245 258 256 241 247 240 249 247 250 235 253 251 245 244 241 229 245 237 246 252 260 253 230 243 242 232 239 231 244 258 249 245 240 257 238 244 242 250 239 253 243 247 230 248 249 262 253 268 242 232 245 234 243 237 242 244 257 244 242 250 244 234 265 242 228 
268 239 269 250 267 270 253 276 271 263 260 251 254 265 255 266 251 266 273 257 271 249 259 251 265 262 273 266 262 265 261 266 268 250 274 251 247 253 254 272 265 266 266 280 281 259 259 274 275 258 258 255 267 262 266 253 268 271 262 259 253 250 261 253 256 260 280 273 243 253 261 243 250 248 263 272 265 257 255 269 254 259 255 265 248 265 264 266 243 265 261 277 268 281 260 248 261 250 257 250 253 255 272 253 257 265 259 255 279 252 237 
250 221 245 241 240 252 236 251 251 250 235 238 237 245 235 250 230 251 258 241 256 236 242 233 247 253 263 250 242 252 244 254 246 232 258 235 237 234 238 256 245 242 252 263 260 241 244 257 255 236 242 238 248 246 251 236 249 249 243 246 243 231 249 238 247 252 259 253 226 236 248 229 232 230 243 255 248 241 236 251 235 242 242 245 238 250 241 241 226 238 244 262 249 265 252 232 241 235 247 235 234 244 258 245 244 244 247 231 261 239 229 
242 222 238 232 240 243 234 248 246 242 233 229 233 241 233 244 229 246 247 237 246 227 237 230 242 243 250 245 235 246 240 243 249 224 250 232 228 230 235 248 243 241 244 261 255 239 237 252 256 232 234 233 238 243 239 227 244 241 243 237 230 224 240 228 238 243 255 244 220 228 239 222 224 226 244 248 242 236 230 246 232 236 235 244 232 244 236 246 223 238 240 257 243 259 242 224 236 235 239 228 233 237 248 237 239 243 243 235 259 230 222 
245 215 240 227 237 241 230 247 248 240 230 230 230 240 232 247 225 247 248 236 245 223 236 232 246 240 246 244 239 244 240 241 243 228 253 232 229 222 237 244 242 239 240 252 249 239 238 252 250 228 232 229 244 241 240 226 244 244 240 235 234 225 237 227 236 237 246 243 219 232 234 220 229 222 239 245 237 238 234 239 234 234 231 244 231 236 243 239 217 239 238 260 243 249 237 226 239 229 231 224 232 230 241 231 232 241 235 232 257 232 218 
268 238 263 251 266 269 252 273 266 268 254 250 249 259 250 266 247 264 274 257 270 247 254 252 263 262 279 260 256 267 258 263 265 250 276 253 249 249 253 269 258 267 255 274 282 255 260 271 272 253 257 257 264 258 263 249 268 265 260 253 252 246 260 247 255 265 269 271 243 251 257 241 245 246 261 271 266 257 254 263 254 260 251 261 253 263 264 259 242 258 261 276 267 280 256 246 261 255 260 246 256 258 269 252 262 268 261 255 278 255 241 
251 226 245 242 243 256 234 256 251 250 241 239 243 245 240 249 235 254 258 242 255 229 242 238 253 251 261 249 243 257 248 254 250 232 257 235 236 235 248 255 256 244 252 264 266 241 246 254 259 236 245 240 250 252 249 237 252 252 246 243 242 232 246 241 249 248 255 253 222 244 248 228 237 231 247 255 249 244 239 251 241 243 243 250 242 247 245 248 227 244 242 264 248 267 248 230 242 244 242 237 239 242 250 240 245 248 252 238 265 239 228 
256 220 247 242 246 252 238 254 246 251 237 233 239 244 239 253 234 254 255 241 250 235 242 235 252 249 259 251 240 251 246 248 253 231 256 235 235 232 242 251 246 246 249 265 268 240 243 258 256 235 238 235 251 245 241 238 253 252 251 245 239 233 245 236 245 245 253 246 221 239 243 226 231 230 246 247 246 243 239 244 235 241 244 251 234 250 244 245 227 242 247 264 247 268 242 229 237 238 245 230 233 242 250 245 245 249 250 235 266 239 227 
256 234 258 248 258 261 249 265 267 260 252 248 253 254 253 261 245 263 265 250 272 241 248 247 263 261 268 259 254 266 258 261 264 249 266 246 247 244 250 263 260 256 259 270 271 255 252 267 275 249 250 246 259 258 263 246 262 263 258 252 251 243 257 249 256 255 266 268 234 245 254 241 247 240 256 261 263 255 245 258 257 255 250 260 250 258 255 257 237 254 254 270 257 272 257 240 256 249 254 247 247 252 265 255 252 260 256 248 274 246 241 
266 242 265 256 260 269 258 276 268 263 259 254 253 264 251 270 251 265 275 257 273 247 256 250 269 266 276 266 257 273 265 273 267 249 280 252 248 250 259 268 268 262 267 277 284 255 258 269 270 254 265 256 261 266 269 251 267 268 267 258 256 249 269 258 263 267 278 272 239 259 264 248 252 246 259 266 267 261 253 267 256 257 261 264 256 261 261 261 244 259 262 275 267 287 266 246 256 256 256 253 255 262 267 263 263 270 266 255 281 255 245 
256 234 254 252 253 260 243 260 262 260 244 245 244 251 245 255 244 252 264 247 265 240 250 245 257 259 267 258 252 257 254 261 252 242 264 243 238 240 248 258 248 257 259 270 269 252 258 261 263 243 250 243 254 258 257 243 257 253 256 250 242 242 251 245 252 256 267 263 238 249 255 237 239 236 255 262 254 254 243 256 246 248 244 252 248 254 252 252 233 253 257 265 257 274 257 240 251 241 248 239 245 251 262 251 249 255 248 242 273 244 233 
254 225 261 242 255 259 246 259 259 253 245 243 248 253 247 259 238 253 261 250 262 240 250 250 259 258 265 257 252 255 254 258 256 245 269 243 237 242 251 257 255 254 253 269 271 252 248 266 261 246 245 243 255 255 256 248 260 263 252 250 245 238 254 244 249 253 264 262 229 245 251 239 242 238 249 256 254 246 244 254 247 246 253 256 239 251 247 249 236 251 254 270 254 274 248 240 248 245 249 244 243 246 264 251 246 254 249 243 272 245 231 
274 248 271 264 270 278 255 278 275 273 258 265 260 266 261 272 252 271 276 260 278 253 258 255 274 273 282 269 265 273 268 272 272 257 278 262 258 256 261 278 269 272 267 284 284 266 266 280 281 261 266 261 270 273 271 256 270 278 274 265 257 253 268 252 270 268 283 279 247 260 271 252 259 251 269 278 267 263 256 268 262 262 264 270 262 272 263 266 251 266 268 285 268 291 269 250 272 259 267 253 255 265 276 263 265 275 270 259 286 261 250 
251 229 249 241 245 255 241 253 261 253 240 241 238 249 241 252 234 254 258 242 257 232 243 242 250 251 263 245 244 255 248 251 254 238 261 240 237 237 243 254 251 251 250 264 263 248 246 256 256 245 244 243 252 249 253 235 255 256 250 248 245 235 253 240 246 250 255 260 228 241 252 233 237 229 244 253 247 245 237 255 244 241 245 249 243 252 244 245 233 247 247 264 253 272 246 238 246 240 244 233 241 242 251 247 247 249 246 233 266 244 232 
249 228 247 237 242 251 234 256 255 250 238 235 237 245 235 252 232 248 258 239 254 228 236 240 250 249 256 252 238 250 244 253 248 232 258 237 232 235 238 258 245 243 242 262 261 242 248 254 257 238 242 238 246 248 249 239 246 246 243 239 238 229 251 235 237 248 253 255 222 241 247 228 235 229 244 257 250 241 240 246 238 238 240 243 240 249 241 249 231 242 244 262 248 267 243 232 242 243 237 232 241 246 251 239 242 250 244 234 263 237 227 
247 227 251 237 245 253 235 255 249 245 239 233 235 240 239 246 231 245 253 242 254 228 242 237 247 244 257 247 240 246 244 248 248 236 254 233 227 231 239 253 244 244 245 260 261 242 242 250 258 238 241 234 240 246 244 235 246 249 240 234 235 228 244 233 242 250 251 257 221 240 242 231 232 234 241 248 248 243 235 249 237 242 242 246 237 246 240 243 228 242 248 258 246 262 240 232 243 234 234 236 238 241 254 239 244 250 240 234 260 236 225 
246 226 245 240 244 248 242 251 253 250 236 237 237 240 238 245 231 246 250 242 253 228 239 235 251 248 256 253 241 253 246 248 246 233 260 240 234 233 239 252 250 240 248 259 263 236 241 247 257 236 245 238 249 248 251 233 249 248 246 242 238 229 244 236 244 251 257 254 220 235 243 230 234 230 243 253 246 245 239 250 234 239 239 246 242 244 245 244 229 243 243 262 244 266 245 223 242 238 237 233 235 241 254 243 242 244 248 242 260 236 229 
260 232 255 246 254 263 248 262 262 256 249 244 242 254 247 257 238 259 264 251 259 241 251 246 254 258 270 257 245 260 252 260 262 239 266 244 240 240 245 262 252 256 255 266 269 247 247 262 267 250 247 249 254 253 257 245 260 255 254 251 245 237 256 245 249 256 266 266 232 242 254 235 238 236 254 260 254 248 245 258 243 244 250 257 244 255 251 250 235 251 254 266 255 273 251 241 249 245 249 238 244 253 262 249 251 254 259 243 269 242 236 
257 226 252 241 250 255 242 264 257 255 242 239 245 250 245 255 234 255 259 246 265 235 246 245 254 255 263 255 249 259 249 252 254 240 264 242 239 240 240 258 253 250 250 266 266 247 249 264 264 242 246 240 252 253 254 242 255 254 249 249 244 236 249 242 246 250 258 254 226 239 246 232 237 236 252 254 258 242 243 253 242 244 242 254 242 251 249 249 231 248 252 264 248 272 254 240 250 241 244 242 244 246 255 244 247 250 247 242 265 241 229 
252 226 250 243 244 255 242 253 252 250 250 236 240 248 238 249 235 253 257 244 253 233 246 239 249 249 259 255 240 254 247 250 250 234 256 235 235 233 245 255 246 252 255 261 267 243 245 256 259 238 239 243 248 250 255 240 251 252 248 244 238 231 249 239 247 245 262 259 232 244 246 233 231 229 246 258 245 248 238 250 242 245 241 248 239 250 241 251 229 245 243 261 252 270 244 228 249 238 246 235 240 243 254 248 246 246 246 236 267 238 228 
247 222 245 230 243 247 234 250 248 245 240 230 233 239 233 247 230 245 250 241 249 226 236 236 249 243 255 251 240 248 242 246 243 228 255 236 227 226 233 249 244 239 240 255 259 234 237 248 250 231 242 232 246 247 251 232 243 242 242 238 234 226 245 233 236 243 249 250 218 233 235 229 232 222 242 247 245 240 237 246 235 236 237 243 233 243 241 246 222 237 241 260 247 265 235 229 237 234 233 230 239 241 249 235 239 242 243 235 259 234 223 
251 226 250 238 248 255 242 256 250 256 239 237 243 247 239 255 234 250 256 245 256 236 243 240 254 253 261 254 244 254 252 246 256 238 255 242 234 230 246 252 248 247 250 262 268 244 246 256 259 237 244 235 252 253 249 235 253 247 249 242 239 233 251 239 245 248 259 253 232 237 245 231 235 234 253 251 247 243 239 257 241 237 246 252 241 253 243 252 227 245 244 261 248 273 246 234 241 241 244 235 242 246 257 243 243 251 244 242 268 238 234 
246 222 242 237 244 254 239 254 244 253 236 236 242 245 238 250 235 247 249 234 252 231 242 240 242 253 259 252 242 252 245 249 252 230 251 235 233 230 242 258 249 244 248 263 259 239 247 253 257 238 238 230 248 248 247 230 251 251 243 237 232 230 240 236 242 247 256 252 230 233 242 226 232 228 248 254 245 239 238 251 236 240 244 246 233 246 239 248 228 245 243 259 243 262 249 229 243 238 239 238 232 237 253 239 242 243 246 238 263 234 227 
249 229 244 244 246 256 244 254 255 254 239 235 241 248 235 251 238 252 254 246 256 231 250 240 253 254 265 258 242 253 250 257 253 241 257 240 232 237 242 259 248 241 251 265 260 244 249 257 255 244 247 243 248 251 250 238 255 254 246 244 245 233 255 244 245 254 257 260 228 239 244 231 233 237 248 254 253 244 238 254 242 246 246 249 242 254 241 249 230 246 247 265 251 272 246 238 245 243 248 235 251 246 256 248 251 251 248 241 269 242 234 
242 217 245 230 235 242 234 252 246 243 230 232 236 240 234 240 226 241 245 234 247 223 233 234 245 243 254 245 237 244 238 241 243 233 250 232 229 226 238 243 240 239 242 247 256 235 240 247 248 224 237 230 244 239 242 228 245 243 242 230 225 229 241 229 241 236 247 247 224 229 238 220 229 221 238 247 243 234 235 244 235 227 234 246 230 240 234 243 223 240 236 255 241 256 239 221 235 233 232 226 228 238 247 232 232 241 234 230 256 233 221 
253 224 254 240 249 257 240 258 258 254 244 235 240 248 241 255 238 248 260 239 259 235 241 241 256 251 260 251 242 256 250 250 250 238 264 236 236 237 242 253 251 250 248 265 263 248 249 257 254 244 248 243 250 247 252 234 252 254 248 245 244 235 248 240 244 244 262 264 231 241 248 234 236 233 248 255 248 243 241 253 243 245 240 253 240 253 249 253 230 248 248 263 254 272 246 234 250 239 241 239 240 243 252 247 248 258 243 240 266 246 230 
256 229 250 245 252 258 240 259 261 256 245 237 238 249 241 257 239 256 259 245 257 234 240 242 249 256 269 252 247 255 242 251 256 242 259 240 238 241 242 261 247 250 252 266 265 243 245 264 264 243 249 241 256 252 249 239 257 253 249 246 242 238 249 240 248 254 262 257 233 245 242 230 241 235 250 257 260 249 246 255 250 249 246 256 241 257 249 247 235 255 249 268 254 273 250 239 252 246 242 235 242 251 256 247 251 250 251 241 269 239 234 
244 222 241 235 242 250 227 248 244 243 239 232 234 239 231 242 230 244 252 242 248 227 234 231 243 247 256 244 237 248 242 247 247 229 253 232 227 235 237 246 241 243 242 254 257 238 238 250 253 235 240 233 241 244 242 230 241 241 240 241 233 226 243 231 241 248 249 247 219 234 241 228 224 225 241 246 244 237 230 246 232 240 237 238 231 244 237 241 227 239 241 254 244 262 238 228 237 232 241 226 236 245 251 238 241 245 244 231 257 235 225 
255 231 256 243 248 258 245 262 258 260 246 246 248 253 244 256 241 256 262 248 270 238 245 242 257 258 267 257 252 260 250 256 258 244 260 242 237 236 243 255 253 254 253 265 270 250 253 262 267 245 252 246 256 253 261 237 257 252 254 248 239 238 254 243 257 251 264 263 232 241 250 232 237 238 252 258 253 248 244 252 248 249 246 255 246 256 250 255 231 250 250 262 255 273 256 237 250 246 246 242 240 243 258 246 247 258 250 243 269 244 231 
250 232 251 237 241 249 238 257 250 251 238 237 237 242 237 245 237 250 251 241 251 227 242 237 249 244 256 249 239 250 248 248 249 235 255 238 230 237 238 251 244 245 249 258 260 242 247 251 257 233 244 236 248 247 246 231 249 243 245 239 233 229 248 233 246 245 259 253 224 237 244 228 231 232 245 249 243 242 238 252 236 237 236 245 239 248 243 250 227 243 246 262 249 267 244 232 241 238 239 230 236 240 250 239 239 247 244 237 263 237 230 
260 235 259 250 256 261 254 265 269 261 246 246 250 256 254 258 247 256 266 253 268 235 251 249 257 258 268 256 256 265 257 266 260 247 273 247 247 244 249 265 258 256 259 275 272 255 258 262 267 248 256 248 259 255 258 244 264 263 255 253 248 242 260 247 255 260 267 267 236 248 254 242 240 241 252 265 258 249 252 264 253 248 252 254 254 257 257 252 235 257 261 272 259 280 253 243 255 248 247 246 248 249 266 254 253 263 254 247 272 244 241 
261 229 253 253 253 257 239 260 257 256 244 243 240 249 243 256 241 255 258 249 260 232 246 243 253 257 267 259 245 256 249 254 254 237 262 241 240 240 243 266 251 250 255 269 272 246 250 266 265 245 245 239 252 253 253 243 255 257 249 249 249 231 253 244 251 255 264 262 232 240 250 238 238 234 252 262 251 249 247 256 243 249 248 252 244 253 255 247 234 252 250 274 251 271 254 233 251 244 250 239 242 247 255 252 252 254 250 240 271 239 232 
247 228 253 247 252 260 240 258 259 259 248 239 245 252 241 259 241 258 261 247 261 232 245 242 259 259 263 256 247 256 250 256 253 243 258 240 241 231 249 259 255 255 256 270 268 249 253 260 260 245 248 243 257 254 251 243 258 256 252 247 248 237 251 244 248 250 261 260 232 244 248 235 239 240 251 259 254 250 243 258 242 248 251 254 246 255 252 250 231 250 249 268 254 272 252 239 249 247 249 239 244 253 256 252 248 260 251 242 276 244 234 
248 225 251 238 249 255 238 253 252 250 241 241 236 246 242 247 236 247 252 235 253 233 238 235 249 244 257 250 241 252 248 247 247 234 257 235 237 234 241 252 250 244 247 260 261 245 245 255 257 240 240 240 245 246 252 233 249 251 243 243 237 232 247 238 246 247 257 258 229 235 246 229 227 228 245 253 242 244 235 248 240 241 236 247 245 248 248 250 232 245 241 255 249 265 244 229 244 236 242 235 240 239 255 243 246 253 245 235 264 237 224 
246 221 247 235 240 249 234 252 253 241 234 231 234 245 237 249 235 248 250 238 252 226 239 235 250 246 256 247 239 249 240 250 245 233 256 231 235 227 237 249 249 242 245 256 261 237 245 257 253 229 239 238 244 243 246 234 252 246 242 238 236 229 243 236 242 245 251 252 219 229 240 225 223 228 241 247 247 240 237 245 237 238 236 247 236 243 243 241 225 243 234 257 245 260 246 233 239 237 233 230 242 241 245 238 242 246 242 234 263 233 223 
255 232 254 244 250 257 249 258 261 254 243 240 246 253 244 258 236 254 258 247 253 236 249 244 255 253 264 258 251 257 252 258 255 237 267 243 239 241 244 257 250 252 254 272 268 253 252 258 263 245 249 244 257 257 254 240 261 258 252 249 242 241 251 238 248 254 262 259 235 243 251 236 234 229 253 262 253 249 246 253 243 244 249 250 240 257 245 254 237 251 254 268 257 272 254 244 253 244 246 238 239 248 259 252 244 251 251 235 269 246 231 
278 247 281 266 271 281 263 284 274 277 270 262 267 271 266 273 257 275 288 272 283 255 264 264 274 274 286 277 274 279 277 275 278 262 284 259 258 257 270 281 276 273 273 287 291 270 273 285 287 260 266 264 273 274 277 260 276 276 273 265 262 255 274 262 270 278 286 282 250 269 267 254 259 260 270 280 276 266 263 277 267 267 262 279 266 272 270 273 252 270 271 290 278 298 270 253 270 264 267 257 264 269 281 266 275 276 270 266 294 268 252 
243 222 235 234 237 244 231 245 248 246 231 230 231 240 235 239 228 242 245 232 248 221 234 235 242 246 250 242 236 247 236 246 248 226 245 229 230 222 234 247 242 240 245 255 252 235 243 250 254 235 234 228 242 242 243 224 242 241 242 236 235 226 237 232 237 244 247 248 220 228 236 220 226 225 239 245 236 234 229 245 231 232 234 244 232 243 237 240 217 237 237 256 240 258 241 224 235 232 231 228 233 233 244 235 238 239 239 232 262 229 223 
259 235 257 250 253 261 250 262 262 263 247 251 249 257 246 259 245 263 265 248 265 237 244 243 262 262 267 260 250 265 251 259 264 246 269 248 246 245 252 262 259 259 259 275 277 249 259 270 269 247 250 251 257 261 259 243 267 264 259 251 247 241 258 247 257 262 268 261 236 248 256 237 240 240 254 261 259 257 248 258 251 250 254 258 250 256 254 254 241 258 252 270 259 279 260 239 254 249 254 239 250 249 261 253 259 257 256 249 279 248 237 
244 216 239 232 232 239 229 243 239 237 225 230 226 232 229 238 222 239 245 234 243 220 229 234 239 244 252 242 229 246 236 239 239 227 247 233 224 222 230 245 240 230 236 256 251 234 237 248 246 224 239 226 237 239 238 228 244 241 238 233 231 225 240 229 236 242 247 244 215 228 237 222 227 225 237 242 236 230 232 239 230 230 238 242 231 236 236 236 221 235 234 251 235 258 238 223 236 232 232 229 230 235 241 235 236 242 233 232 256 227 223 
254 230 252 243 244 257 243 258 259 256 242 241 241 253 243 250 237 255 260 239 260 235 244 241 255 255 265 250 248 257 248 258 254 239 264 241 239 236 245 254 250 249 253 266 266 250 252 256 259 244 253 244 254 249 255 233 253 257 252 247 244 238 255 235 252 252 263 257 231 244 250 232 237 235 250 261 252 249 241 256 241 242 246 253 244 251 252 246 228 247 250 262 256 271 252 237 244 241 246 239 243 246 257 250 246 252 251 238 267 243 232 
265 241 267 253 265 271 261 279 276 268 253 251 260 265 256 272 253 269 276 259 273 254 264 251 269 267 274 271 266 275 269 272 274 253 281 257 254 254 264 270 262 270 270 283 282 262 261 272 277 256 261 258 268 267 270 253 271 272 268 265 257 252 263 256 262 266 280 275 245 255 265 253 250 253 261 272 264 262 254 268 257 264 255 262 258 266 264 264 245 263 266 278 270 285 266 253 264 251 259 250 256 262 273 261 264 267 263 255 280 257 249 
260 231 256 251 256 263 246 266 258 263 244 244 246 247 244 259 249 256 263 248 267 240 252 245 255 261 275 259 249 260 257 260 258 246 270 244 240 241 249 262 253 252 256 270 269 249 256 265 266 246 254 246 252 255 252 244 258 256 253 250 250 243 256 248 255 263 266 266 240 243 255 239 243 238 257 261 256 255 247 256 248 250 248 257 248 257 253 252 237 251 255 269 259 276 261 237 250 247 252 241 245 253 261 247 254 256 251 247 268 243 237 
236 223 240 229 241 245 235 243 246 242 235 235 230 235 229 242 224 242 248 234 247 223 229 229 245 239 244 246 235 244 236 239 244 224 248 235 223 229 234 244 241 242 245 257 252 236 234 245 252 236 241 230 243 246 248 222 244 241 243 229 228 224 239 230 235 242 251 248 219 231 236 224 228 222 236 248 236 240 231 242 232 235 232 238 230 239 235 244 213 237 239 252 242 257 237 224 237 234 227 226 229 233 245 237 234 237 242 231 256 230 222 
262 239 263 252 257 264 253 269 263 261 252 247 245 254 250 263 246 261 265 249 270 242 252 251 262 260 273 260 253 265 257 258 266 248 273 250 248 241 251 261 258 259 257 273 277 251 256 268 268 250 258 251 259 256 257 244 265 268 259 259 250 243 257 248 254 260 268 270 235 248 256 247 244 243 252 263 258 256 250 261 253 253 251 261 248 259 259 252 241 257 258 269 261 281 259 244 254 246 257 242 249 255 263 256 257 264 256 248 277 247 243 
247 219 244 236 245 251 233 253 250 248 236 232 233 242 236 249 231 248 254 238 251 231 244 232 245 246 259 246 243 248 243 248 247 233 253 232 232 234 238 249 240 241 245 256 260 239 242 254 254 237 241 232 243 247 246 231 248 249 238 233 235 227 240 236 243 248 250 249 225 240 237 228 235 229 237 248 246 240 233 251 237 241 238 248 235 244 241 240 221 242 246 261 247 258 244 227 237 235 239 236 235 237 255 240 238 246 241 231 258 236 225 
255 231 250 238 245 253 243 260 257 252 242 235 238 253 242 256 233 257 256 244 258 235 245 241 257 250 258 252 247 258 247 256 254 237 259 244 234 239 244 251 250 250 250 262 264 250 244 259 261 243 246 238 253 252 252 234 256 252 253 248 237 235 249 237 249 249 258 254 230 240 245 232 234 230 246 256 250 244 243 251 243 242 246 249 242 253 243 249 234 250 254 266 249 271 253 238 250 237 243 236 241 241 258 247 245 249 253 240 265 243 229 
261 239 258 248 261 266 256 268 265 267 250 249 254 259 246 266 246 261 268 254 268 243 257 250 263 262 270 265 264 264 262 260 268 248 273 251 248 245 257 259 260 257 262 279 272 254 258 270 270 250 256 253 267 267 259 249 265 269 256 258 246 248 259 248 255 266 268 264 241 253 258 241 241 250 259 268 263 257 251 266 256 250 255 259 250 263 258 262 243 260 259 277 264 281 256 247 256 251 254 245 253 252 268 254 257 261 252 254 280 251 241 
266 237 262 254 265 268 253 273 268 260 257 250 250 260 249 270 246 265 270 254 266 244 261 254 263 264 275 267 258 264 261 262 264 250 270 247 252 247 258 266 261 263 264 279 279 251 257 276 270 249 254 254 261 264 255 255 270 266 257 257 248 246 263 256 258 262 274 266 242 254 259 244 247 249 258 269 264 258 253 268 256 253 256 262 247 265 257 260 242 262 259 279 261 283 264 249 258 253 256 248 254 259 272 256 258 265 254 247 282 252 243 
249 224 248 233 246 247 232 251 253 250 235 239 237 244 234 247 232 242 250 236 253 230 238 231 245 248 254 247 242 250 243 243 249 232 253 233 230 234 238 252 245 248 247 257 258 237 242 246 255 235 235 240 248 245 249 232 246 248 244 241 235 229 242 234 239 242 259 251 227 231 243 225 229 227 241 255 244 239 232 253 231 240 234 240 235 241 242 246 226 246 238 256 247 260 240 226 242 234 237 230 233 237 254 242 242 249 242 237 260 236 222 
265 242 263 254 259 269 251 271 271 268 254 253 256 264 254 268 247 266 273 255 269 243 260 255 268 266 275 264 260 269 263 266 266 254 277 253 249 251 254 267 266 266 264 285 276 258 268 275 269 253 260 258 263 264 265 252 271 265 263 257 257 246 260 254 261 265 275 265 245 254 257 244 251 244 264 273 264 257 257 266 255 259 256 261 256 262 263 266 240 261 262 280 264 281 259 249 267 254 258 249 262 255 267 259 262 268 260 251 280 255 236 
249 221 241 241 239 246 234 253 247 247 237 230 237 244 239 244 233 244 253 233 250 229 235 231 243 245 252 242 241 245 244 249 245 228 252 230 231 227 232 244 239 239 247 260 258 242 247 253 250 230 240 233 240 242 245 227 248 246 245 243 233 230 240 229 239 248 255 248 222 235 241 223 229 225 242 243 237 239 234 244 234 235 237 243 234 247 239 241 223 238 241 256 247 263 243 227 239 233 240 228 235 238 252 237 241 244 234 229 261 235 226 
250 225 247 234 241 245 238 255 254 250 240 235 235 245 235 248 233 249 255 237 257 227 242 235 250 243 255 249 239 252 240 251 245 232 253 234 237 230 236 254 241 247 249 257 259 241 246 252 257 232 240 233 250 244 248 230 249 251 247 243 236 230 251 233 245 245 262 253 228 235 240 230 233 229 247 252 240 239 242 250 238 240 240 241 236 246 245 244 223 241 244 264 252 263 244 232 243 233 241 231 232 236 253 242 240 250 243 233 264 236 226 
243 222 244 231 240 248 234 250 248 247 236 227 230 242 232 246 227 244 251 233 247 226 237 230 243 243 253 245 237 245 238 246 247 227 246 230 226 228 234 248 242 239 242 256 261 232 240 249 252 234 235 231 245 241 246 227 248 243 236 235 234 226 238 232 234 241 252 250 221 230 233 227 224 223 233 247 245 240 230 246 234 238 236 240 231 242 238 242 216 237 242 253 243 257 236 227 237 231 234 226 235 235 246 238 240 240 240 228 255 231 222 
249 223 245 239 240 246 239 252 252 250 238 230 236 248 238 247 232 249 252 240 254 225 240 236 251 248 255 253 237 254 241 252 249 232 252 234 234 227 237 249 245 243 249 260 264 240 245 256 257 235 243 232 250 245 248 232 252 246 249 238 238 227 250 238 246 247 253 249 225 236 240 223 230 229 243 253 245 239 240 250 241 239 244 247 238 250 239 245 223 243 242 262 247 267 247 229 241 237 238 234 237 240 246 246 243 244 245 237 263 235 226 
248 229 247 242 243 257 241 256 253 250 240 234 243 251 235 251 235 250 254 244 255 232 246 234 252 254 262 250 247 250 250 253 252 239 259 235 234 238 242 251 250 245 255 262 265 244 249 258 256 243 245 241 242 254 247 238 255 252 249 243 234 232 251 237 247 250 262 253 235 236 245 231 237 232 247 255 250 243 238 251 240 240 241 250 239 254 242 248 232 244 247 266 251 265 254 235 247 239 242 236 244 241 255 245 246 248 246 233 264 241 226 
268 247 267 260 264 274 255 272 271 269 260 258 255 264 261 265 253 264 267 255 272 246 253 258 269 271 278 264 260 272 262 271 272 248 272 256 248 251 260 271 271 263 265 282 287 260 266 271 276 260 263 257 261 271 265 250 268 268 266 258 255 252 268 252 263 273 275 277 240 258 260 244 251 245 264 270 263 257 251 270 258 255 262 270 255 266 261 266 244 262 261 279 268 287 262 247 262 258 257 253 259 262 270 260 264 265 260 253 289 256 246 
255 226 255 243 249 260 247 259 258 255 240 241 244 251 244 254 241 255 256 246 258 235 246 245 253 254 266 255 248 257 250 250 252 240 261 243 238 235 244 254 254 246 250 267 265 247 254 259 262 243 248 245 253 252 252 237 259 250 248 243 244 234 252 240 253 257 259 263 230 242 247 229 236 236 252 256 251 243 248 252 244 248 245 257 247 256 247 249 234 247 248 266 256 271 252 234 247 242 246 237 244 244 253 243 249 251 245 244 267 244 235 
239 222 242 234 240 248 234 248 250 247 231 232 230 237 235 242 231 248 248 234 248 225 236 233 245 246 251 249 234 247 238 245 243 229 250 234 228 229 231 254 243 245 242 261 256 241 247 250 254 233 239 237 239 244 242 229 247 246 239 239 233 227 244 235 242 247 252 250 220 230 235 228 226 231 245 248 236 237 233 244 236 237 241 238 236 240 238 240 224 242 242 257 247 263 244 230 239 233 241 229 234 235 250 235 240 242 239 230 259 234 223 
271 242 270 260 266 277 259 277 269 273 260 254 251 264 260 268 255 275 271 260 272 248 258 258 267 271 280 267 257 272 258 271 271 249 276 255 258 252 259 280 266 265 269 283 289 260 263 275 281 259 257 254 265 269 265 259 272 271 265 263 256 248 266 254 264 275 276 275 246 258 261 249 249 252 263 275 266 263 259 265 259 258 265 270 258 263 265 262 253 263 266 279 266 289 269 250 265 258 265 252 257 262 271 263 267 265 264 251 293 253 247 
248 227 245 242 243 250 240 253 254 248 239 233 230 243 241 252 230 251 252 235 256 233 237 237 249 251 258 249 249 253 245 251 254 233 255 235 230 228 241 254 245 248 245 259 261 239 243 253 259 240 240 241 246 248 247 231 251 250 247 245 237 232 246 240 242 252 255 256 229 239 241 225 231 230 244 254 244 242 233 247 241 240 242 247 241 244 245 243 225 246 243 262 252 267 245 229 243 240 242 231 236 243 253 243 241 248 245 238 267 238 229 
258 234 261 244 256 259 248 267 267 260 249 249 251 252 251 257 244 256 267 254 263 239 253 246 262 259 269 262 252 262 255 261 261 246 268 248 246 246 253 265 259 256 259 271 272 258 257 269 266 246 253 248 258 257 261 244 262 265 261 252 247 240 255 246 250 257 268 265 235 245 254 241 245 243 252 265 257 251 248 256 244 249 252 258 246 258 251 253 239 252 256 277 257 278 258 245 256 249 254 248 249 249 263 255 253 261 256 245 278 255 237 
251 225 250 242 247 253 240 253 254 249 242 238 243 249 239 253 231 248 255 243 255 232 238 240 253 251 261 248 242 253 248 249 246 236 256 238 234 235 248 249 249 252 247 261 268 246 246 254 255 238 243 236 252 250 249 232 256 249 253 241 234 234 251 233 247 245 258 253 230 244 247 228 236 228 246 255 247 241 241 252 242 238 242 252 240 254 238 247 227 244 246 264 251 270 245 232 243 240 238 236 239 247 252 244 245 250 245 238 268 242 231 
247 220 249 240 241 252 236 250 251 251 240 237 239 248 236 250 234 247 251 240 258 228 239 238 243 248 259 248 241 248 242 249 247 235 255 237 229 230 239 248 239 247 244 261 262 245 247 253 254 238 240 237 249 246 252 231 246 246 244 240 236 227 248 230 243 245 257 255 226 237 244 230 228 231 241 254 242 237 239 250 238 243 239 249 237 247 241 243 226 244 249 260 249 267 242 233 245 235 238 237 234 241 252 243 240 249 237 235 261 233 225 
259 237 258 250 251 258 245 263 258 263 250 249 250 255 247 260 248 257 265 252 270 243 250 246 254 262 269 261 254 256 256 256 263 244 267 240 243 240 252 261 255 254 262 274 270 255 255 267 267 242 252 242 260 256 262 241 254 260 254 253 243 240 254 242 254 256 267 267 233 248 254 240 241 240 251 264 254 251 247 260 248 250 246 259 245 260 253 256 237 255 257 272 261 277 255 242 253 246 248 244 244 250 262 250 255 254 252 247 276 245 232 
247 222 248 238 239 254 240 253 252 251 239 228 236 246 239 249 236 246 255 236 253 231 241 239 250 248 255 245 243 250 248 246 247 234 256 237 231 231 239 251 246 243 251 262 257 242 247 254 253 233 246 237 250 243 248 231 250 246 239 242 235 230 245 237 241 250 261 256 228 238 238 227 232 233 243 253 245 234 240 254 238 237 239 246 239 249 244 246 224 244 242 261 252 266 243 227 243 241 235 234 240 238 253 238 234 245 242 235 262 235 229 
259 237 259 249 254 260 245 264 263 258 248 246 247 255 246 257 244 263 267 255 267 237 253 255 261 262 273 262 251 262 258 261 257 246 269 248 242 248 250 263 260 259 262 274 275 252 256 276 272 250 252 243 254 260 252 249 261 260 256 253 249 241 260 248 255 258 266 266 230 246 256 243 243 239 256 260 258 249 249 261 251 252 254 258 247 261 253 252 236 253 259 275 260 277 261 243 251 246 252 240 247 253 263 248 255 256 260 247 274 248 240 
253 230 254 243 249 260 240 259 251 251 245 245 237 244 239 253 235 253 259 246 256 240 240 241 249 255 263 251 243 255 252 252 251 236 261 246 233 235 244 256 251 247 250 266 266 248 245 257 264 243 248 241 251 253 255 243 250 246 250 249 241 234 249 241 246 257 259 260 228 241 253 233 237 237 245 258 246 245 238 249 239 244 242 251 242 251 247 248 234 244 249 259 251 273 251 234 248 243 243 235 239 246 258 241 247 249 248 241 262 238 231 
238 210 236 225 232 236 224 244 236 232 224 224 227 232 225 234 216 236 240 227 243 216 229 227 240 235 239 242 232 243 229 238 237 225 241 228 224 222 229 238 231 230 229 245 248 229 228 239 243 226 231 222 234 236 235 223 242 239 234 228 223 220 234 224 230 233 240 238 213 225 230 216 225 217 226 240 231 222 229 231 227 226 230 237 222 228 231 232 218 228 229 246 230 250 233 219 233 224 228 221 221 225 240 233 228 236 228 228 252 223 215 
266 242 267 254 256 270 253 271 268 265 256 252 254 263 252 265 251 268 269 257 264 244 258 254 263 265 273 263 260 264 261 265 271 252 275 251 248 247 255 272 267 265 269 272 279 253 261 273 270 249 255 258 260 267 262 251 267 266 257 255 255 251 262 251 259 262 271 272 238 253 256 238 251 248 262 265 265 259 254 267 257 254 258 267 253 257 261 260 242 258 260 278 269 283 255 248 258 256 255 245 251 260 267 255 257 263 259 251 285 250 244 
265 240 260 254 264 263 253 271 270 261 251 254 252 263 256 265 243 263 267 257 269 247 259 252 264 263 273 267 260 263 259 264 264 249 270 255 249 252 254 266 266 264 267 273 283 253 258 271 273 254 254 259 261 268 263 249 270 268 267 256 254 250 268 253 259 260 268 266 233 250 260 239 248 245 260 262 264 259 255 268 253 258 255 265 256 267 257 257 241 261 260 281 265 285 265 248 253 252 257 244 252 259 269 257 257 262 258 251 284 253 244 
253 223 248 244 247 254 244 262 254 254 239 238 237 245 237 251 237 253 257 241 253 234 242 240 253 249 260 252 239 256 246 250 249 234 256 243 237 234 245 258 243 244 248 262 263 250 243 257 258 241 244 236 249 248 248 238 251 254 248 244 242 235 248 235 244 251 256 258 232 242 244 228 234 234 248 257 239 240 237 249 241 237 243 251 240 250 246 246 230 243 247 264 249 266 247 231 251 240 246 234 234 244 256 246 249 250 245 237 268 239 233 
258 232 254 252 251 260 245 260 264 256 248 244 243 254 242 257 242 263 264 252 262 239 250 241 257 262 266 254 247 259 249 263 259 242 270 241 241 244 246 264 255 260 259 273 275 252 252 267 263 248 249 251 249 255 255 248 257 257 261 257 247 236 259 245 257 259 268 257 232 246 257 233 241 241 252 260 254 251 240 257 246 250 253 255 245 256 250 249 238 251 254 274 259 281 256 237 250 248 252 242 247 250 261 257 259 257 257 242 274 244 234 
252 230 255 242 253 257 246 257 261 254 246 239 245 249 246 258 238 256 261 247 260 242 251 244 258 257 265 257 246 259 247 255 256 240 265 238 241 241 245 256 255 254 257 269 273 245 251 265 265 243 248 239 253 257 252 241 262 255 255 246 243 240 251 243 249 253 261 254 229 244 251 234 240 243 256 254 257 254 247 259 244 245 250 256 241 255 248 254 231 248 254 270 255 276 255 243 241 242 248 243 242 245 257 248 249 251 251 246 274 248 233 
266 241 263 255 261 269 252 270 266 264 250 251 253 259 255 265 251 266 267 255 269 246 258 254 265 262 275 264 256 268 262 260 260 247 271 253 251 250 256 266 260 261 266 282 276 265 261 273 270 247 254 253 262 263 261 250 269 268 260 260 250 247 260 251 259 265 271 271 242 255 260 246 242 246 259 269 258 254 252 268 253 255 253 263 256 262 259 263 245 262 264 275 263 281 262 250 260 250 257 253 255 255 269 257 259 266 256 250 283 252 242 
259 231 258 249 255 262 248 264 266 263 249 245 250 258 250 262 247 259 263 251 267 242 257 249 261 259 271 260 257 266 254 262 259 246 265 244 243 240 253 263 261 253 264 273 275 248 257 265 266 244 253 252 258 260 257 247 264 263 257 251 252 239 257 250 253 263 271 261 236 246 250 237 243 242 257 267 260 258 252 264 250 251 252 260 247 258 252 259 235 255 256 275 257 279 260 244 250 248 252 245 249 252 261 253 253 255 254 247 276 251 238 
266 235 262 250 256 263 246 264 263 260 251 248 247 261 247 260 247 259 267 255 260 243 251 250 258 262 269 262 256 260 259 262 263 242 269 245 243 244 249 262 260 252 261 274 274 253 258 272 266 248 254 242 258 261 258 246 265 264 258 255 246 244 254 247 251 258 268 265 238 248 255 239 246 237 255 264 257 256 250 259 251 250 250 261 244 262 256 264 238 253 259 278 263 275 253 239 255 245 252 241 248 252 263 252 255 259 253 247 282 253 236 
262 241 262 254 261 275 252 265 272 269 250 248 252 257 247 264 246 268 270 258 269 242 256 253 270 267 273 264 255 267 260 267 265 251 275 253 245 249 262 268 259 266 265 277 278 253 257 273 275 258 260 252 261 270 261 250 264 261 261 259 249 248 266 250 256 267 278 274 236 252 262 246 249 247 264 268 262 261 254 266 252 254 257 265 252 268 259 257 242 253 263 274 266 280 261 249 259 252 252 245 252 259 265 252 259 261 257 250 283 253 244 
239 222 242 237 240 249 234 248 249 250 234 235 235 243 229 245 234 247 247 238 250 227 237 233 250 245 249 247 236 252 240 244 244 231 254 235 223 231 241 249 243 240 244 258 259 239 240 249 247 236 239 235 243 243 244 232 247 246 241 239 235 228 243 237 239 244 252 249 222 236 237 225 229 224 241 246 240 242 234 245 237 234 239 243 234 241 242 243 227 244 241 252 244 261 239 227 241 234 235 224 236 233 246 239 239 243 241 232 261 234 222 
260 231 253 254 253 261 245 261 263 260 249 247 246 251 248 261 244 257 261 249 268 240 250 245 255 260 276 258 254 262 255 260 260 242 265 241 238 235 249 261 254 257 257 269 273 248 255 264 266 246 250 248 252 259 259 241 260 261 257 250 246 240 253 243 253 259 271 265 234 249 254 241 242 235 258 262 256 261 243 256 247 253 253 257 250 257 255 248 233 254 254 267 261 272 257 238 249 245 253 245 245 249 259 254 252 257 253 241 276 247 242 
252 227 251 247 247 255 240 260 255 252 241 243 239 246 238 255 239 255 254 243 260 232 245 234 254 249 259 253 249 253 251 249 253 235 259 237 237 237 242 257 254 246 257 266 266 246 249 260 261 240 248 236 252 256 254 235 254 255 250 246 239 236 244 238 248 251 261 257 229 242 244 235 239 230 246 257 247 246 235 255 240 244 239 251 242 251 248 250 230 246 245 265 252 266 253 237 251 241 242 241 240 244 257 245 250 250 245 232 266 241 227 
255 232 254 248 250 257 242 260 264 257 243 244 237 252 242 257 242 259 258 248 264 236 246 240 259 256 262 254 243 254 248 254 251 239 265 238 242 239 247 268 255 255 257 269 272 244 249 262 264 244 247 243 250 254 253 243 254 254 250 252 245 234 254 243 249 253 267 262 229 242 251 234 241 234 249 257 252 252 240 258 245 244 247 251 251 257 248 248 233 247 247 270 259 271 252 237 249 246 248 233 243 247 260 245 252 253 252 237 274 243 231 
247 222 247 239 246 253 239 256 250 248 238 238 241 245 236 251 234 249 248 242 256 230 239 235 247 251 256 248 249 254 248 246 248 240 257 236 234 233 244 247 248 244 249 261 265 242 247 255 255 240 244 237 252 249 249 231 254 251 249 244 236 235 243 240 242 247 258 250 232 238 245 230 235 230 243 252 248 243 239 251 240 240 236 250 236 251 243 246 226 241 247 260 248 266 250 232 245 239 236 237 240 242 249 245 242 252 240 240 262 241 226 
248 229 250 241 246 253 236 253 258 251 240 240 238 250 244 253 234 255 252 240 254 232 242 238 247 250 259 251 245 249 245 252 255 238 253 240 236 232 245 253 250 251 253 258 264 243 244 260 262 238 241 246 252 249 251 235 253 249 251 238 242 233 250 234 247 248 259 259 223 239 243 229 236 227 245 258 249 249 239 251 242 248 243 253 241 250 247 247 229 249 244 260 251 267 243 237 245 241 244 232 237 246 251 245 247 249 249 236 265 238 231 
253 228 252 241 245 255 242 260 256 253 241 238 241 248 241 250 238 248 259 248 255 236 245 243 247 254 264 254 244 254 252 251 254 235 269 243 233 237 247 255 249 247 250 262 265 241 246 256 257 240 245 241 249 246 251 241 252 249 245 248 240 237 254 238 248 250 261 260 233 240 249 234 235 233 249 257 251 248 238 256 243 243 244 250 244 250 248 252 231 249 248 264 253 268 244 232 247 239 241 235 244 248 260 242 244 249 246 240 265 243 232 
231 211 235 224 229 234 222 244 238 236 227 226 225 233 225 232 225 240 244 225 241 213 226 226 231 237 245 235 229 238 235 240 238 226 241 221 224 222 229 238 235 235 235 243 247 232 232 242 244 220 225 226 233 236 236 220 231 236 234 224 225 220 237 225 233 229 243 243 212 225 235 218 223 217 229 236 231 231 225 234 232 231 225 233 224 233 232 231 215 229 232 249 237 252 235 219 228 227 228 221 220 231 233 230 232 234 229 224 246 225 220 
251 228 247 239 245 255 240 252 259 247 244 235 239 249 234 256 229 255 255 243 254 234 238 239 254 251 261 253 244 254 246 247 254 236 256 236 231 232 242 254 250 246 250 268 266 244 243 258 259 243 247 238 252 249 252 239 257 252 248 244 242 234 249 241 241 246 251 254 227 245 249 223 231 230 241 255 256 241 234 252 241 242 244 252 236 251 242 249 230 244 245 261 251 263 244 236 248 241 242 232 241 243 251 246 250 251 246 235 268 243 227 
261 233 257 243 253 264 242 257 259 258 244 246 245 253 243 257 239 257 264 246 259 242 245 244 260 258 266 255 248 259 257 261 260 238 268 250 241 243 252 257 252 256 255 270 270 252 246 261 265 248 251 243 257 258 256 242 254 258 260 254 244 241 253 243 251 256 266 264 230 242 257 239 239 229 254 259 250 250 244 253 245 249 249 255 244 254 253 253 237 251 254 263 258 272 248 234 250 239 247 240 241 249 260 254 250 254 254 243 272 241 232 
